msize	ar_bycore_disabled0_alg6_scotch0	ar_bycore_disabled0_alg4_scotch0	ar_bycore_disabled0_alg3_scotch0	ar_bycore_disabled0_alg0_scotch0	ar_bycore_disabled0_alg0_scotch1	ar_bycore_disabled1_alg0_scotch0	ar_bynode_disabled0_alg6_scotch0	ar_bynode_disabled0_alg4_scotch0	ar_bynode_disabled0_alg3_scotch0	ar_bynode_disabled0_alg0_scotch0	ar_bynode_disabled0_alg0_scotch1	ar_bynode_disabled1_alg0_scotch0	ar_bysoc_disabled0_alg6_scotch0	ar_bysoc_disabled0_alg4_scotch0	ar_bysoc_disabled0_alg3_scotch0	ar_bysoc_disabled0_alg0_scotch0	ar_bysoc_disabled0_alg0_scotch1	ar_bysoc_disabled1_alg0_scotch0	bc_bycore_disabled0_alg5_scotch0	bc_bycore_disabled0_alg7_scotch0	bc_bycore_disabled0_alg8_scotch0	bc_bycore_disabled0_alg0_scotch0	bc_bycore_disabled0_alg0_scotch1	bc_bycore_disabled1_alg0_scotch0	bc_bynode_disabled0_alg5_scotch0	bc_bynode_disabled0_alg7_scotch0	bc_bynode_disabled0_alg8_scotch0	bc_bynode_disabled0_alg0_scotch0	bc_bynode_disabled0_alg0_scotch1	bc_bynode_disabled1_alg0_scotch0	bc_bysoc_disabled0_alg5_scotch0	bc_bysoc_disabled0_alg7_scotch0	bc_bysoc_disabled0_alg8_scotch0	bc_bysoc_disabled0_alg0_scotch0	bc_bysoc_disabled0_alg0_scotch1	bc_bysoc_disabled1_alg0_scotch0
4	434.68	334.29	311.1	311.1	245.53	129.83	304.26	294.08	239.66	239.66	235.54	157.89	248.6	280.63	314.71	248.6	223.65	127.39	61.04	39.91	3043.03	39.91	-1	13.97	60.19	58.53	3012.93	58.53	-1	63.84	63.38	46.67	2979.85	46.67	-1	23.68
8	238.91	232.36	230.64	230.64	164.93	114.94	243.03	238.7	209.36	209.36	160.82	190.68	228.95	226.78	235.42	226.78	177.67	114.89	65.12	43.45	3033.25	43.45	-1	11.56	42.48	46.64	3018.72	42.48	-1	62.19	65.62	50.63	2979.36	50.63	-1	23.04
16	240.06	231.17	233.51	231.17	165.53	168.43	245.35	241.27	211.85	211.85	162.39	147.79	232.88	227.69	236.46	227.69	161.93	183.68	59.18	37.5	3028.4	37.5	-1	11.34	42.34	46.58	3013.19	42.34	-1	63.21	60.89	45.19	2974.14	45.19	-1	22.63
32	233.39	230.87	233.12	230.87	164.82	119.07	260.36	250.72	208.67	208.67	171.79	146.56	232.86	229.58	235.55	229.58	163.24	115.63	59.86	37.79	3053.42	37.79	-1	16.38	43.01	46.61	3015.32	43.01	-1	62.64	62.14	45.69	2972.1	45.69	-1	26.16
64	247.79	269.34	259.79	247.79	166.52	118.22	254.3	260.72	247.78	247.78	166.01	147.79	269.11	227.09	265.98	227.09	161.31	120.36	59.31	37.65	3082.92	37.65	-1	11.88	42.87	46.67	3139.05	42.87	-1	62.77	61.94	45.3	3013.2	45.3	-1	23.46
128	243.96	240.09	240.68	240.09	201.51	120.93	252.07	250.27	216.55	216.55	212.88	153.43	239.15	240.58	241.59	239.15	178.52	118.76	61.14	38.66	3124.93	38.66	-1	12.53	44.15	47.57	3264.24	44.15	-1	63.64	63.03	46.22	3085.02	46.22	-1	24.59
256	290.94	257.41	252.11	252.11	183.08	127.5	273.8	273.86	229.49	229.49	184.03	178.81	263.57	252.42	256.64	252.42	200.87	126.66	63.68	45.52	3350.5	45.52	-1	18.24	48.02	55.58	3339.06	48.02	-1	76.29	68.77	56.76	3369.65	56.76	-1	29.81
512	270.59	267.57	264.67	264.67	190.72	156.91	332.47	341.2	240.13	240.13	194.65	234.04	273.2	262.83	267.01	262.83	191.11	157.29	64.19	46.15	3397.13	46.15	-1	18.3	49.44	56.47	3353.51	49.44	-1	77.39	71.99	57.36	3444.04	57.36	-1	30.4
1024	291.84	344.79	332.47	291.84	200.76	141.37	319.2	317.14	319.59	317.14	228.78	225.35	351.96	287.13	338.14	287.13	202.11	143.33	66.55	48.79	3561.26	48.79	-1	20.46	52.74	60.55	3541.22	52.74	-1	79.87	75.66	59.91	3575.32	59.91	-1	33.75
2048	340.47	333.33	328.83	328.83	-1	252.14	409.68	396.86	312.37	312.37	-1	270.05	341.69	381.16	328.78	328.78	-1	261.53	72.29	51.66	364.7	51.66	-1	23.34	61.08	63.28	364.93	61.08	-1	84.55	77.85	62.98	397.08	62.98	-1	38.06
4096	542.47	553.12	543.08	542.47	-1	328.12	646.97	645.05	547.92	547.92	-1	457.37	572.37	534.85	560.06	534.85	-1	337.02	87.19	73.61	371.2	73.61	-1	42.89	75.92	100.78	344.62	75.92	-1	136.55	91.35	92.83	364.93	91.35	-1	55.85
8192	570.8	105152.27	857.73	570.8	-1	515.67	553.49	110509.97	883.13	553.49	-1	765.22	601.32	98614.2	877.88	601.32	-1	524.58	118.1	105.63	379.91	105.63	-1	82.45	113.31	136.26	342.84	113.31	-1	202.25	127.22	126.33	380.51	126.33	-1	79.1
16384	670.55	98720.15	1472.14	670.55	-1	481.16	659.14	105883.67	1504.06	659.14	-1	640.58	733.22	117388.89	1523.49	733.22	-1	487.15	172.8	173.78	427.2	172.8	-1	131.69	171.17	211.37	388.14	171.17	-1	317.13	182.35	213.23	428.1	182.35	-1	136.03
32768	891.51	113863.34	2692.86	891.51	-1	470.8	874.58	106073.52	2803.05	874.58	-1	937.58	1029.51	124812.15	2793.35	1029.51	-1	503	264.39	304.54	539.96	264.39	-1	230.97	274.6	352.44	487.29	274.6	-1	557.28	282.03	366.17	528.12	282.03	-1	243.25
65536	1379.84	99543.67	5146.76	1379.84	-1	619.69	1303.79	105803.04	5438.93	1303.79	-1	1493.24	1548.37	87940.88	5319.3	1548.37	-1	699.85	458.28	574.31	772.3	458.28	-1	459.85	478.87	633.95	680.1	478.87	-1	1071.97	491.56	685.94	734.66	491.56	-1	475.85
131072	2223.89	100484.26	10196.16	2223.89	-1	700.48	2118.6	107158.76	10900.51	2118.6	-1	2612.83	2634.79	89786.13	10313.26	2634.79	-1	752.34	883.96	1422.73	1253.02	883.96	-1	888.06	893.03	1264.7	1096.15	893.03	-1	2191.73	975.62	1621.73	1187.59	975.62	-1	932.02
262144	4178.99	104189.94	21479.63	4178.99	-1	915.7	3905.76	115289.52	21846.31	3905.76	-1	4778.43	4813.31	100781.12	20766.27	4813.31	-1	1191.32	1689.81	3470.64	2233.91	1689.81	-1	2090.16	1701.65	3038.79	1852.71	1701.65	-1	615.83	1908.39	4102.36	2170.55	1908.39	-1	1950.52
524288	7413.48	117861.65	42849.42	7413.48	-1	1468.59	7009.07	120014.37	43430.9	7009.07	-1	9405.9	8052.15	101498.29	40962.41	8052.15	-1	1840.15	3332.23	9839.28	3641.4	3332.23	-1	3669.27	3376.85	8782.33	3195.53	3195.53	-1	935.98	3804.9	11954.87	3719.09	3719.09	-1	3875.81
1048576	13823	116265.65	87283.9	13823	-1	2738.35	13125.9	125754.99	88011.68	13125.9	-1	19052.73	15231.73	103305.74	262718.51	15231.73	-1	3414.46	6777.2	23531.37	6716.9	6716.9	-1	7402.6	6878.57	22876.25	5898.07	5898.07	-1	1684.96	7873.15	28921.94	6962.4	6962.4	-1	7462.59
2097152	26700.89	127494.76	176820.93	26700.89	-1	5375.61	25982.64	139161.88	208371.41	25982.64	-1	37967.13	29598.45	230051.41	172825.34	29598.45	-1	6582.71	14516.2	53427.89	13145.96	13145.96	-1	15121.33	14772.89	56733.32	11702.22	11702.22	-1	3327.52	16957.85	61066.1	13564.72	13564.72	-1	15011.79
4194304	53047.26	146072.7	377480.87	53047.26	-1	11636.86	51565.72	162645.9	388969.95	51565.72	-1	77494.29	58935.08	134922.05	381581.1	58935.08	-1	13298.46	30459.03	113316.08	27084.66	27084.66	-1	32501.48	30669.57	122345.59	22537.88	22537.88	-1	6294.48	34248.72	125963.65	28289.94	28289.94	-1	32730.14
8388608	314348.99	254956.22	772507.6	254956.22	-1	22215.03	103046.43	272076.97	802891.3	103046.43	-1	189528.37	311035.74	217831.61	777578.96	217831.61	-1	25883.44	61744.1	226760.23	59187.65	59187.65	-1	73390.96	62216.22	247231.87	45942.14	45942.14	-1	12381.63	68832.02	246749.54	60845.04	60845.04	-1	71277.61
16777216	213345.94	433709.11	1587343.96	213345.94	-1	45789.67	204918.97	470512.5	1672918.99	204918.97	-1	332479.58	234522.97	452133.35	1719945.09	234522.97	-1	55286.9	121365.08	454689.7	126929.27	121365.08	-1	168249.98	123719.63	494284.22	92915.14	92915.14	-1	24613.1	136224.54	498778.3	133285.9	133285.9	-1	163516.6
33554432	531469.63	748227.04	3223153	531469.63	-1	133746.78	434513.27	803669.85	3369273.87	434513.27	-1	702332.01	478448.84	788694.18	3365312.71	478448.84	-1	147123.23	243205.97	908720.91	262482.13	243205.97	-1	373877.89	246971.25	976208.05	186216.97	186216.97	-1	48636.55	272190.19	982256.11	269998.09	269998.09	-1	397737.01
67108864	840104.29	1370109.64	6618724.34	840104.29	-1	199321.49	877157.44	1483165.46	6934603.03	877157.44	-1	1598297.42	958240.03	1161625.45	6883134.55	958240.03	-1	221782.51	488560.45	1797863.04	655206.09	488560.45	-1	675991.91	495138.5	1936721.57	372141.93	372141.93	-1	96520.57	538717.51	1907591.42	611473.77	538717.51	-1	809675.23
