msize	ar_socketdisabled0alg6_scotch0	ar_socketdisabled0alg4_scotch0	ar_socketdisabled0alg3_scotch0	ar_socketdisabled0alg0_scotch0	ar_socketdisabled0alg0_scotch1	ar_socketdisabled1alg0_scotch0	ar_coredisabled0alg6_scotch0	ar_coredisabled0alg4_scotch0	ar_coredisabled0alg3_scotch0	ar_coredisabled0alg0_scotch0	ar_coredisabled0alg0_scotch1	ar_coredisabled1alg0_scotch0	ar_nodedisabled0alg6_scotch0	ar_nodedisabled0alg4_scotch0	ar_nodedisabled0alg3_scotch0	ar_nodedisabled0alg0_scotch0	ar_nodedisabled0alg0_scotch1	ar_nodedisabled1alg0_scotch0	bc_socketdisabled0alg5_scotch0	bc_socketdisabled0alg7_scotch0	bc_socketdisabled0alg8_scotch0	bc_socketdisabled0alg0_scotch0	bc_socketdisabled0alg0_scotch1	bc_socketdisabled1alg0_scotch0	bc_coredisabled0alg5_scotch0	bc_coredisabled0alg7_scotch0	bc_coredisabled0alg8_scotch0	bc_coredisabled0alg0_scotch0	bc_coredisabled0alg0_scotch1	bc_coredisabled1alg0_scotch0	bc_nodedisabled0alg5_scotch0	bc_nodedisabled0alg7_scotch0	bc_nodedisabled0alg8_scotch0	bc_nodedisabled0alg0_scotch0	bc_nodedisabled0alg0_scotch1	bc_nodedisabled1alg0_scotch0
4	37.69	93.16	91.2	37.69	95.96	46.98	96.59	96.06	91.55	91.55	36.92	27.66	71.66	40.13	37.88	37.88	54.72	33.04	27.01	9.96	631.4	9.96	13.43	13.09	16.12	13.13	642.25	13.13	13.64	13.05	17.37	19.15	645.85	17.37	16.21	16.27
8	33.93	31.85	29.6	29.6	37.04	42.69	31.77	36.68	30.6	30.6	127.61	29.02	33.93	36.25	31.42	31.42	31.76	41.87	12.86	16.84	630.2	12.86	12.91	12.93	28.31	20.73	634.37	20.73	12.9	12.88	33.48	27.6	644.26	27.6	15.26	15.73
16	30.48	30.01	35.61	30.01	29.17	41.44	32.06	29.27	26.71	26.71	34.5	39.07	32.48	38.02	30.46	30.46	31.6	33.1	12.27	9.02	633.55	9.02	12.79	12.79	14.99	13.44	636.27	13.44	14.09	15.09	17.61	11.94	648.78	11.94	15.35	16.56
32	33.72	31.13	30.65	30.65	31.53	88.99	30.92	33.28	30	30	38.07	31.25	37.32	36.29	30.37	30.37	34.51	33.14	13.42	9.61	639.92	9.61	12.86	16.16	16.35	13.84	640.04	13.84	13.03	13.96	18.33	12.38	649.51	12.38	15.81	22.23
64	68.47	99.52	36.39	36.39	112.13	37.27	60.48	66.12	36.18	36.18	145.98	31.62	47.39	45.78	52.87	45.78	52.45	49.11	13.41	10.11	645.03	10.11	13.9	13.34	15.61	13.27	647.45	13.27	13.88	13.91	17.6	13.58	655.74	13.58	16.66	16.9
128	46.33	48.76	37.31	37.31	61.78	33.3	42.45	45.69	41.03	41.03	85.01	32.5	44.63	44.34	42.52	42.52	37.47	54.92	15.7	12.82	656.86	12.82	14.21	14.81	16.75	14.72	657.42	14.72	14.33	14.39	19.56	14.18	667.93	14.18	16.47	18.37
256	43.34	43.29	42.67	42.67	46.84	35.41	41.95	46.04	47.12	41.95	57.8	33.97	54.01	47.02	47.92	47.02	43.07	102.78	16.99	12.48	722.78	12.48	16.8	16.16	17.86	15.46	726.06	15.46	16.31	15.8	20.14	14.88	729.86	14.88	19.35	20.9
512	54.92	53.29	59.33	53.29	52.44	42.33	55.69	55.86	58.69	55.69	62.03	90.45	56.57	55.98	55.92	55.92	70.44	73.37	16.5	13.48	729.54	13.48	17.24	16.1	18.27	16.38	738.91	16.38	17.19	15.9	19.94	15.03	743.72	15.03	19.3	28.58
1024	87.1	80.26	107.88	80.26	86.69	54.84	84.01	83.18	87.68	83.18	83.92	70.17	80.65	80.45	86.29	80.45	119.45	123.25	18.63	14.72	760.81	14.72	19.15	18.63	19.93	18.34	772.14	18.34	18.07	18.2	22.82	17.43	774.39	17.43	21.42	46.68
2048	147.01	146.56	153.73	146.56	253.84	128.62	138.13	142.67	164.65	138.13	275.08	173.13	141.82	142.3	159.53	141.82	245.68	171.53	23.58	18.12	57.26	18.12	23.78	21.75	25.68	21.05	74.61	21.05	23.78	24.29	27.5	19.96	51.98	19.96	26.16	46.66
4096	295.17	288.7	327.93	288.7	467.03	247.31	280.94	288.1	319.58	280.94	498.03	245.39	285.37	286.85	312.69	285.37	489.41	289.74	31.04	25.43	63.33	25.43	36.79	28.79	32.06	27.29	81.44	27.29	39.31	28.24	35.67	26.26	50.48	26.26	39.38	78.47
8192	142	6553.58	624.46	142	948.71	525.03	154.12	6554.09	615.79	154.12	1010.14	502.9	182.6	6644.2	622.15	182.6	1012.31	568.65	45.82	34.54	76.39	34.54	57.27	40.07	46.81	35.65	95.69	35.65	57.8	38.64	50.16	34.07	55.02	34.07	64.74	137.91
16384	122.12	6437.33	1217.9	122.12	370.01	143.12	186.12	6406.78	1200.48	186.12	421.53	110.88	211.22	6514.04	1213.06	211.22	478.13	461.95	82.53	55.97	103.08	55.97	101.21	71.39	81.04	54.77	164.35	54.77	105.11	60.7	88.1	53.38	101.81	53.38	112.87	244
32768	154.45	6433.27	2468.85	154.45	772.32	209.5	165.74	6413.83	2409.78	165.74	728.24	177.91	167.74	6473.31	2455.5	167.74	715.59	715.86	123.32	88.03	164.24	88.03	211.77	118.08	117.85	89.51	284.71	89.51	219.81	97.9	128.08	85.94	92.16	85.94	229.83	472.72
65536	251.02	8206.71	4895.26	251.02	1393.43	357.31	266.66	8409.92	4878.43	266.66	1417.76	245.96	260.64	8240.1	4918.37	260.64	1503.32	1451.53	194.25	162.05	317.29	162.05	453.03	219.4	192.15	160.28	354.75	160.28	486.23	179.25	207.37	155.85	158.76	155.85	459.13	944.35
131072	458.71	7862.43	10232.52	458.71	2837.95	676.61	469.38	8024.81	9874.65	469.38	2811.81	438.24	479.1	7862.37	9888.19	479.1	2920.28	3464.61	317.65	351.91	668.01	317.65	1037.81	431.54	307.31	347	610.16	307.31	1000.4	363.49	322.83	358.11	212.32	212.32	1066.4	2408.62
262144	918.89	11750.7	17805.18	918.89	5685.22	1294.21	875.43	11451.26	17852.11	875.43	5567.14	856.37	882.79	11714.37	17735.5	882.79	5850.29	5657.69	547.31	698.46	1201.29	547.31	2270.1	2567.96	549.86	688.66	1231.01	549.86	2311.13	2560.48	578.68	682.33	322.45	322.45	2411.2	418.83
524288	1794.37	12943.61	35577.25	1794.37	11538.52	2369.24	1813.27	12919.56	35691.7	1813.27	11465.31	1724.02	1794.35	13090.98	35240.42	1794.35	11996.66	11717.45	1031.73	1386.23	2560.62	1031.73	4736.77	5550.21	1036	1371.6	2474.19	1036	4776.17	5547.72	1099.37	1353.35	576.47	576.47	4979.12	718.53
1048576	3832.67	16337.4	71801.43	3832.67	23305.53	5420.45	3836.74	16218.49	71861.24	3836.74	22799.65	3832.06	3860.05	16091.27	71098.16	3860.05	24215.39	22405.1	2025.74	2794.73	5031.38	2025.74	9712.48	11247.38	2042.43	2770.25	4942.14	2042.43	9594.88	11160.55	2151.1	2720.93	1181.59	1181.59	10007.8	1505.22
2097152	9159.39	19373.97	145316.07	9159.39	47163.69	10927.13	9504.91	19082.53	145150.33	9504.91	46021.45	9473.52	9344.52	19575.07	144557.6	9344.52	49221.18	41886.59	4229.63	5758.62	9824.86	4229.63	19841.23	23368.53	4280.27	5696.89	9719.08	4280.27	19796.1	23469.77	4470.63	5618.8	2406.49	2406.49	20744.58	2912.38
4194304	20190.43	31270.48	291835.87	20190.43	94766.61	21753.79	20228.85	30874.14	291751.02	20228.85	92319.91	20033.2	20342.4	30461.96	290143.77	20342.4	99688.24	85324.96	9768.39	11758.68	19702.22	9768.39	40030.82	48169.79	9771.1	11734.26	19745.37	9771.1	39852.11	48605.3	10211.43	11565.14	4946.07	4946.07	41879.48	5796.35
8388608	42027.37	53351.03	585155.98	42027.37	190686.43	43890.09	42200.15	53614.68	584772.37	42200.15	185782.22	41467.04	42380.15	52678.58	582632.72	42380.15	200693.72	168170.14	20466.9	22520.72	39682.19	20466.9	80880.72	96128.97	20344.08	22512.56	39655.71	20344.08	80719.14	96964.57	21336.49	22368.08	10371.14	10371.14	84545.19	11728.04
16777216	85594.95	90124.96	1168332.06	85594.95	382887.72	88562.02	85849.86	92314.98	1165887.39	85849.86	370975.99	84091.88	85870.95	90704.25	1164177.1	85870.95	402018.4	336812.97	41321.12	42173.5	80758.13	41321.12	161884.33	193203.78	41102.99	42219.97	80865.26	41102.99	162442.57	193612.4	43138.7	42136.71	20398.31	20398.31	168958.72	23010.06
33554432	183557.11	178878.68	2348361.01	178878.68	767619.21	190628.83	183379.81	177822.81	2341222.71	177822.81	749737.47	181615.89	185200.59	177639.79	2334758.48	177639.79	806127.83	693804.29	83015.5	81455.07	165668.21	81455.07	325976.13	388742.47	82528.88	81561.3	164718.86	81561.3	326243.75	393934.03	86581.7	81632.66	41505.56	41505.56	338196.11	46714.53
67108864	365968.36	342809.48	4684245.42	342809.48	1589815.75	379593.16	363606.44	338819.04	5054114.56	338819.04	1541258.57	361009.64	368594.54	345254.33	4664029.31	345254.33	1661430.81	1405114.06	167461.35	160006.97	333270.38	160006.97	662354.96	775969.23	166689.25	160341.59	330185.79	160341.59	655721.85	775923.02	174428.74	160717.11	86627.08	86627.08	676037.24	92194.24
